%YAML:1.0
---
m: !!opencv-matrix
   rows: 3
   cols: 3
   dt: d
   data: [ 1.8895854015130833e+03, 0., 4.6904056830372355e+02, 0.,
       1.8835559346119501e+03, 1.0225018472933881e+02, 0., 0., 1. ]
d: !!opencv-matrix
   rows: 1
   cols: 5
   dt: d
   data: [ -3.4493517573449500e-01, 4.8005723882860013e-01, 0., 0., 0. ]
s: [ 768, 576 ]
