%YAML:1.0
---
m: !!opencv-matrix
   rows: 3
   cols: 3
   dt: d
   data: [ 1.6939054648646365e+03, 0., 3.4831602135557398e+02, 0.,
       1.6931935972627625e+03, 2.8049085583605176e+02, 0., 0., 1. ]
d: !!opencv-matrix
   rows: 1
   cols: 5
   dt: d
   data: [ -5.2413775878129942e-01, 3.4580819316920453e+00, 0., 0., 0. ]
s: [ 768, 576 ]
