%YAML:1.0
---
m: !!opencv-matrix
   rows: 3
   cols: 3
   dt: d
   data: [ 1.8410807882964918e+03, 0., 4.2796525472566452e+02, 0.,
       1.8410738309475803e+03, 2.6377558500090464e+02, 0., 0., 1. ]
d: !!opencv-matrix
   rows: 1
   cols: 5
   dt: d
   data: [ -3.0523845504198571e-01, -6.1957234043559040e-01, 0., 0., 0. ]
s: [ 768, 576 ]
