%YAML:1.0
---
m: !!opencv-matrix
   rows: 3
   cols: 3
   dt: d
   data: [ 1.8427411798258054e+03, 0., 5.1769684191082206e+02, 0.,
       1.8584357337927634e+03, 2.0699514196862941e+02, 0., 0., 1. ]
d: !!opencv-matrix
   rows: 5
   cols: 1
   dt: d
   data: [ -7.2093132680166661e-01, 1.1267590678407915e+01,
       4.2480858888865923e-03, -8.1347904447080684e-03,
       -1.1525595672827976e+02 ]
s: [ 768, 576 ]
