%YAML:1.0
---
m: !!opencv-matrix
   rows: 3
   cols: 3
   dt: d
   data: [ 1.8325571957345103e+03, 0., 5.2190024215692370e+02, 0.,
       1.8419643618030077e+03, 2.1588288417594839e+02, 0., 0., 1. ]
d: !!opencv-matrix
   rows: 1
   cols: 5
   dt: d
   data: [ -6.5093223425781344e-01, 7.4733721587831052e+00,
       -2.9283314158920770e-03, -6.0098970927069013e-03,
       -5.9056681635902251e+01 ]
s: [ 768, 576 ]
