%YAML:1.0
---
R: !!opencv-matrix
   rows: 3
   cols: 3
   dt: d
   data: [ 9.9785651742984049e-01, 2.1902068918773162e-02,
       -6.1665792785528258e-02, -7.2093762186894094e-03,
       9.7338536427517119e-01, 2.2906103446337128e-01,
       6.5041490737280869e-02, -2.2812547422848173e-01,
       9.7145682996760208e-01 ]
T: !!opencv-matrix
   rows: 3
   cols: 1
   dt: d
   data: [ 2.9376795068117957e+01, 3.4587384898915268e+01,
       3.0892639520840413e+02 ]
R1: !!opencv-matrix
   rows: 3
   cols: 3
   dt: d
   data: [ 1.5743421188394349e-01, -1.1581966177935477e-01,
       9.8071416573525494e-01, -2.5153436042886679e-03,
       9.9304837259095691e-01, 1.1768008642503590e-01,
       -9.8752627406820614e-01, -2.0993704765177371e-02,
       1.5604846165598243e-01 ]
R2: !!opencv-matrix
   rows: 3
   cols: 3
   dt: d
   data: [ 9.4083547654320615e-02, 1.1077123518171102e-01,
       9.8938264565187062e-01, 1.1983026062578433e-02,
       9.9359280828793473e-01, -1.1238210891809458e-01,
       -9.9549218638177195e-01, 2.2429105528597761e-02,
       9.2153361729381711e-02 ]
P1: !!opencv-matrix
   rows: 3
   cols: 4
   dt: d
   data: [ -4.8040573574874623e+04, 0., -6.3889219711303711e+04, 0., 0.,
       -4.8040573574874623e+04, 7.7671906623840332e+03, 0., 0., 0., 1.,
       0. ]
P2: !!opencv-matrix
   rows: 3
   cols: 4
   dt: d
   data: [ -4.8040573574874623e+04, 0., -6.3889219711303711e+04,
       -1.5000264340043984e+07, 0., -4.8040573574874623e+04,
       7.7671906623840332e+03, 0., 0., 0., 1., 0. ]
Q: !!opencv-matrix
   rows: 4
   cols: 4
   dt: d
   data: [ 1., 0., 0., 6.3889219711303711e+04, 0., 1., 0.,
       -7.7671906623840332e+03, 0., 0., 0., -4.8040573574874623e+04, 0.,
       0., -3.2026484657758873e-03, 0. ]
F: !!opencv-matrix
   rows: 3
   cols: 3
   dt: d
   data: [ 5.3621635302936015e-07, -3.7370948696635881e-05,
       1.3576509413773041e-02, 3.6879550670431607e-05,
       1.6391868181379047e-06, -3.1152945217312388e-02,
       -1.4204250106021242e-02, 2.8684932733137571e-02, 1. ]
