%YAML:1.0
---
M0: !!opencv-matrix
   rows: 3
   cols: 3
   dt: d
   data: [ 1.1714067059284905e+03, 0., 640., 0., 1.1586070801766843e+03,
       512., 0., 0., 1. ]
D0: !!opencv-matrix
   rows: 1
   cols: 5
   dt: d
   data: [ -3.0066032538242948e-01, -9.6679872826207336e-01, 0., 0., 0. ]
M1: !!opencv-matrix
   rows: 3
   cols: 3
   dt: d
   data: [ 1.9641887591927386e+03, 0., 5.9718588879355093e+02, 0.,
       1.9543151304590995e+03, 1.5494882417046992e+02, 0., 0., 1. ]
D1: !!opencv-matrix
   rows: 1
   cols: 5
   dt: d
   data: [ -4.0996190881921274e-01, 1.6252396417404191e+00, 0., 0., 0. ]
