%YAML:1.0
---
m: !!opencv-matrix
   rows: 3
   cols: 3
   dt: d
   data: [ 1.9641887591927386e+03, 0., 5.9718588879355093e+02, 0.,
       1.9543151304590995e+03, 1.5494882417046992e+02, 0., 0., 1. ]
d: !!opencv-matrix
   rows: 1
   cols: 5
   dt: d
   data: [ -4.0996190881921274e-01, 1.6252396417404191e+00, 0., 0., 0. ]
s: [ 800, 600 ]
