%YAML:1.0
---
m: !!opencv-matrix
   rows: 3
   cols: 3
   dt: d
   data: [ 1.8472012821534040e+03, 0., 4.9681309063503568e+02, 0.,
       1.8450274480349397e+03, 1.9221283782953782e+02, 0., 0., 1. ]
d: !!opencv-matrix
   rows: 1
   cols: 5
   dt: d
   data: [ -4.3301075336958977e-01, 1.6415416810271555e+00, 0., 0., 0. ]
s: [ 768, 576 ]
