%YAML:1.0
---
R: !!opencv-matrix
   rows: 3
   cols: 3
   dt: d
   data: [ 9.9964740011339404e-01, 1.6557857339767702e-02,
       -2.0758439412626756e-02, -1.6497148368580544e-02,
       9.9985913066115140e-01, 3.0923986210632543e-03,
       2.0806718680196436e-02, -2.7488531867697827e-03,
       9.9977973787425833e-01 ]
T: !!opencv-matrix
   rows: 3
   cols: 1
   dt: d
   data: [ -5.5609461502182093e+01, -1.4220178057526751e+00,
       -6.2917768667372143e-01 ]
R1: !!opencv-matrix
   rows: 3
   cols: 3
   dt: d
   data: [ 9.9907043787682948e-01, 4.2078214707466262e-02,
       -9.3639739231023769e-03, -4.2062797759107984e-02,
       9.9911327937692040e-01, 1.8373941798158276e-03,
       9.4329849611113209e-03, -1.4418112664319482e-03,
       9.9995446895095952e-01 ]
R2: !!opencv-matrix
   rows: 3
   cols: 3
   dt: d
   data: [ 9.9960927231530528e-01, 2.5561516792820135e-02,
       1.1309799313706055e-02, -2.5542932710960021e-02,
       9.9967213312047731e-01, -1.7846150503662624e-03,
       -1.1351708672675702e-02, 1.4950323090150779e-03,
       9.9993444964587841e-01 ]
P1: !!opencv-matrix
   rows: 3
   cols: 4
   dt: d
   data: [ 9.0338715728744739e+02, 0., 4.2372974205017090e+02, 0., 0.,
       9.0338715728744739e+02, 3.3995209407806396e+02, 0., 0., 0., 1.,
       0. ]
P2: !!opencv-matrix
   rows: 3
   cols: 4
   dt: d
   data: [ 9.0338715728744739e+02, 0., 4.2372974205017090e+02,
       -5.0256509954517394e+04, 0., 9.0338715728744739e+02,
       3.3995209407806396e+02, 0., 0., 0., 1., 0. ]
Q: !!opencv-matrix
   rows: 4
   cols: 4
   dt: d
   data: [ 1., 0., 0., -4.2372974205017090e+02, 0., 1., 0.,
       -3.3995209407806396e+02, 0., 0., 0., 9.0338715728744739e+02, 0.,
       0., 1.7975525123113824e-02, 0. ]
F: !!opencv-matrix
   rows: 3
   cols: 3
   dt: d
   data: [ -8.9855935038669843e-08, 1.4036601507921519e-06,
       -3.8857382377824258e-03, 1.1815281403857029e-06,
       -3.6031451412631516e-07, 1.3491705092002346e-01,
       6.7353875864072299e-03, -1.6788074959272131e-01, 1. ]
