%YAML:1.0
---
M0: !!opencv-matrix
   rows: 3
   cols: 3
   dt: d
   data: [ 1.0869747887599606e+03, 0., 3.7144310058001452e+02, 0.,
       1.1020550165587163e+03, 3.2025529124263744e+02, 0., 0., 1. ]
D0: !!opencv-matrix
   rows: 5
   cols: 1
   dt: d
   data: [ 1.6115380785581562e-01, -2.2673682729345144e+00,
       3.7543482115714372e-02, 1.0915679497328586e-02,
       1.0910437997844495e+01 ]
M1: !!opencv-matrix
   rows: 3
   cols: 3
   dt: d
   data: [ 1.3576624630672543e+03, 0., 4.9491787084109336e+02, 0.,
       1.3642781056442427e+03, 3.7940955758262305e+02, 0., 0., 1. ]
D1: !!opencv-matrix
   rows: 5
   cols: 1
   dt: d
   data: [ -7.0114229680154960e-02, 5.1664377460609623e-01,
       1.9911714041202722e-02, 1.8567465256016314e-02,
       -1.6081292391109676e+00 ]
