%YAML:1.0
---
m: !!opencv-matrix
   rows: 3
   cols: 3
   dt: d
   data: [ 1.9581303610719581e+03, 0., 5.7880595191068244e+02, 0.,
       1.9680115671944602e+03, 1.7410828575383826e+02, 0., 0., 1. ]
d: !!opencv-matrix
   rows: 5
   cols: 1
   dt: d
   data: [ -4.2016628475970103e-01, 5.7488948822257502e+00,
       -5.9356819428844519e-03, 9.2309540666303518e-03,
       -3.4370261917870351e+01 ]
s: [ 800, 600 ]
