%YAML:1.0
---
m: !!opencv-matrix
   rows: 3
   cols: 3
   dt: d
   data: [ 2.2801368763652940e+03, 0., 6.3914290707199666e+02, 0.,
       2.2764311736014511e+03, 6.0281110052430915e+02, 0., 0., 1. ]
d: !!opencv-matrix
   rows: 1
   cols: 5
   dt: d
   data: [ -1.0368437889025237e-01, 3.1592311608537271e-01, 0., 0., 0. ]
s: [ 1365, 1024 ]
