%YAML:1.0
---
m: !!opencv-matrix
   rows: 3
   cols: 3
   dt: d
   data: [ 1.4178276012070651e+03, 0., 4.1105772936884597e+02, 0.,
       1.4185379832782528e+03, 2.4267119090903489e+02, 0., 0., 1. ]
d: !!opencv-matrix
   rows: 1
   cols: 5
   dt: d
   data: [ -4.3835850684455259e-02, 3.0493795487456177e-01, 0., 0., 0. ]
s: [ 800, 600 ]
