%YAML:1.0
---
R: !!opencv-matrix
   rows: 3
   cols: 3
   dt: d
   data: [ 9.9575600789327923e-01, -2.5513456402059230e-02,
       -8.8425314739952965e-02, 2.5113554165887925e-02,
       9.9966873878388995e-01, -5.6322371562121344e-03,
       8.8539720699788382e-02, 3.3876600548204691e-03,
       9.9606688611646776e-01 ]
T: !!opencv-matrix
   rows: 3
   cols: 1
   dt: d
   data: [ 1.6338999002444564e+02, 1.5152396059423154e+01,
       2.0944412819422892e+03 ]
R1: !!opencv-matrix
   rows: 3
   cols: 3
   dt: d
   data: [ 1.6589322581947513e-01, 8.6031404309702946e-03,
       9.8610619286258083e-01, 4.1138590442808005e-03,
       9.9994720643075830e-01, -9.4159712768344186e-03,
       -9.8613513972019695e-01, 5.6187477294666220e-03,
       1.6584907561689993e-01 ]
R2: !!opencv-matrix
   rows: 3
   cols: 3
   dt: d
   data: [ 7.7772929959341514e-02, 7.2124751171685139e-03,
       9.9694500930002328e-01, -2.0583099372927051e-02,
       9.9977230930833672e-01, -5.6272160505448149e-03,
       -9.9675860035704911e-01, -2.0082573116000958e-02,
       7.7903676879187866e-02 ]
P1: !!opencv-matrix
   rows: 3
   cols: 4
   dt: d
   data: [ -5.8454056942347677e+04, 0., -7.1059802246093750e+04, 0., 0.,
       -5.8454056942347677e+04, 2.3626733160018921e+03, 0., 0., 0., 1.,
       0. ]
P2: !!opencv-matrix
   rows: 3
   cols: 4
   dt: d
   data: [ -5.8454056942347677e+04, 0., -7.1059802246093750e+04,
       -1.2280375428431904e+08, 0., -5.8454056942347677e+04,
       2.3626733160018921e+03, 0., 0., 0., 1., 0. ]
Q: !!opencv-matrix
   rows: 4
   cols: 4
   dt: d
   data: [ 1., 0., 0., 7.1059802246093750e+04, 0., 1., 0.,
       -2.3626733160018921e+03, 0., 0., 0., -5.8454056942347677e+04, 0.,
       0., -4.7599568338125105e-04, 0. ]
F: !!opencv-matrix
   rows: 3
   cols: 3
   dt: d
   data: [ 2.3193000161110291e-06, 9.4526834690933188e-05,
       -5.4192683668228950e-02, -9.3894940811299409e-05,
       2.4422887401835064e-06, 1.6393699898818331e-01,
       4.8440971383259965e-02, -1.6268542992636090e-01, 1. ]
