%YAML:1.0
---
M0: !!opencv-matrix
   rows: 3
   cols: 3
   dt: d
   data: [ 8.0516114716366992e+03, 0., 4.0522374241220183e+02, 0.,
       8.0694281505036961e+03, 4.5972713926350008e+02, 0., 0., 1. ]
D0: !!opencv-matrix
   rows: 5
   cols: 1
   dt: d
   data: [ 2.3570985750385387e+00, -1.0448012702238029e+03,
       6.5464940592146648e-01, -3.0825762968650968e-02,
       -6.9552451732711233e+03 ]
M1: !!opencv-matrix
   rows: 3
   cols: 3
   dt: d
   data: [ 1.3610372651735730e+04, 0., 6.4486935885439561e+02, 0.,
       1.3583990373922446e+04, 4.5978719235144501e+02, 0., 0., 1. ]
D1: !!opencv-matrix
   rows: 5
   cols: 1
   dt: d
   data: [ -1.7652585131019514e+01, -3.7529708057618914e+03,
       7.3111222180533975e-01, -6.3539871702083628e-01,
       4.8275782166862618e+03 ]
