%YAML:1.0
---
m: !!opencv-matrix
   rows: 3
   cols: 3
   dt: d
   data: [ 1.1034327708856079e+03, 0., 5.8869387964753423e+02, 0.,
       1.0896014171287588e+03, 4.4227712020476196e+02, 0., 0., 1. ]
d: !!opencv-matrix
   rows: 1
   cols: 5
   dt: d
   data: [ -3.9083259731377579e-01, 7.2059361724462395e-02, 0., 0., 0. ]
s: [ 1280, 1024 ]
