%YAML:1.0
---
R: !!opencv-matrix
   rows: 3
   cols: 3
   dt: d
   data: [ -3.0337887383198586e-01, -9.5123648729327848e-01,
       -5.5770997430388533e-02, 9.4997683322303106e-01,
       -3.0649676311816276e-01, 6.0031246344135841e-02,
       -7.4197542088518711e-02, -3.4768943613995837e-02,
       9.9663726867300617e-01 ]
T: !!opencv-matrix
   rows: 3
   cols: 1
   dt: d
   data: [ -1.7579177455920473e+01, 2.2433021726442373e+01,
       -4.0373787931489291e+00 ]
R1: !!opencv-matrix
   rows: 3
   cols: 3
   dt: d
   data: [ 3.4694135812061039e-01, -9.3782719116148339e-01,
       -1.0576083565701310e-02, 9.3603242227401262e-01,
       3.4694212930268603e-01, -5.8944578773309893e-02,
       5.8949117697137551e-02, 1.0550755095283658e-02,
       9.9820523094684732e-01 ]
R2: !!opencv-matrix
   rows: 3
   cols: 3
   dt: d
   data: [ 7.8743060322556724e-01, 6.1639235567881945e-01,
       -3.6754543304141612e-03, -6.1070907656035167e-01,
       7.7933396015636114e-01, -1.4026048037065128e-01,
       -8.3591081525613037e-02, 1.1269002798703676e-01,
       9.9010781669556547e-01 ]
P1: !!opencv-matrix
   rows: 3
   cols: 4
   dt: d
   data: [ 4.6180497313832620e+02, 0., 6.0414619755744934e+02, 0., 0.,
       4.6180497313832620e+02, 4.6109376811981201e+02, 0., 0., 0., 1.,
       0. ]
P2: !!opencv-matrix
   rows: 3
   cols: 4
   dt: d
   data: [ 4.6180497313832620e+02, 0., 6.0414619755744934e+02, 0., 0.,
       4.6180497313832620e+02, 4.6109376811981201e+02,
       1.3292993152399904e+04, 0., 0., 1., 0. ]
Q: !!opencv-matrix
   rows: 4
   cols: 4
   dt: d
   data: [ 1., 0., 0., -6.0414619755744934e+02, 0., 1., 0.,
       -4.6109376811981201e+02, 0., 0., 0., 4.6180497313832620e+02, 0.,
       0., -3.4740480781407186e-02, 0. ]
F: !!opencv-matrix
   rows: 3
   cols: 3
   dt: d
   data: [ -7.1599551310898446e-08, 6.7322924895829604e-08,
       -1.0106396142918587e-03, 2.6159880265876693e-09,
       -1.0755005606410430e-07, -7.8590171364636562e-04,
       4.1034336056793822e-04, -9.9786964965184596e-04,
       9.9999999999999989e-01 ]
