%YAML:1.0
---
R: !!opencv-matrix
   rows: 3
   cols: 3
   dt: d
   data: [ -3.0337887383198681e-01, -9.5123648729327881e-01,
       -5.5770997430378194e-02, 9.4997683322303139e-01,
       -3.0649676311816271e-01, 6.0031246344129333e-02,
       -7.4197542088509372e-02, -3.4768943613987954e-02,
       9.9663726867300706e-01 ]
T: !!opencv-matrix
   rows: 3
   cols: 1
   dt: d
   data: [ -3.9952676036182851e+01, 5.0984140287368938e+01,
       -9.1758608935206034e+00 ]
R1: !!opencv-matrix
   rows: 3
   cols: 3
   dt: d
   data: [ 3.4694135812061033e-01, -9.3782719116148339e-01,
       -1.0576083565694672e-02, 9.3603242227401173e-01,
       3.4694212930268536e-01, -5.8944578773326373e-02,
       5.8949117697150707e-02, 1.0550755095295593e-02,
       9.9820523094684621e-01 ]
R2: !!opencv-matrix
   rows: 3
   cols: 3
   dt: d
   data: [ 7.8743060322556691e-01, 6.1639235567881989e-01,
       -3.6754543304117031e-03, -6.1070907656035145e-01,
       7.7933396015636025e-01, -1.4026048037065622e-01,
       -8.3591081525618061e-02, 1.1269002798703907e-01,
       9.9010781669556469e-01 ]
P1: !!opencv-matrix
   rows: 3
   cols: 4
   dt: d
   data: [ 4.6180497313832581e+02, 0., 6.0414619755744934e+02, 0., 0.,
       4.6180497313832581e+02, 4.6109376811981201e+02, 0., 0., 0., 1.,
       0. ]
P2: !!opencv-matrix
   rows: 3
   cols: 4
   dt: d
   data: [ 4.6180497313832581e+02, 0., 6.0414619755744934e+02, 0., 0.,
       4.6180497313832581e+02, 4.6109376811981201e+02,
       3.0211348073636091e+04, 0., 0., 1., 0. ]
Q: !!opencv-matrix
   rows: 4
   cols: 4
   dt: d
   data: [ 1., 0., 0., -6.0414619755744934e+02, 0., 1., 0.,
       -4.6109376811981201e+02, 0., 0., 0., 4.6180497313832581e+02, 0.,
       0., -1.5285811543819175e-02, 0. ]
F: !!opencv-matrix
   rows: 3
   cols: 3
   dt: d
   data: [ -7.1599551310910529e-08, 6.7322924895825780e-08,
       -1.0106396142918589e-03, 2.6159880265807632e-09,
       -1.0755005606411449e-07, -7.8590171364636442e-04,
       4.1034336056795128e-04, -9.9786964965184813e-04, 1. ]
