%YAML:1.0
---
M0: !!opencv-matrix
   rows: 3
   cols: 3
   dt: d
   data: [ 1.3847914042229397e+03, 0., 5.1310087432855835e+02, 0.,
       1.3686080005808446e+03, 2.2578440421913751e+02, 0., 0., 1. ]
D0: !!opencv-matrix
   rows: 5
   cols: 1
   dt: d
   data: [ -1.1295216780610662e-01, 2.6536577880757067e-01,
       1.0188492839342676e-02, 1.9720082957995801e-02,
       -1.1100646742370714e+00 ]
M1: !!opencv-matrix
   rows: 3
   cols: 3
   dt: d
   data: [ 1.1311372373746162e+03, 0., 5.9321201563419925e+02, 0.,
       1.1333905053153514e+03, 4.7359054519622714e+02, 0., 0., 1. ]
D1: !!opencv-matrix
   rows: 5
   cols: 1
   dt: d
   data: [ -4.6403061717744809e-01, 2.7462662777692814e-01,
       -2.6256603358664433e-03, -2.1274007479731325e-02,
       -2.3258546301102315e-01 ]
