%YAML:1.0
---
R: !!opencv-matrix
   rows: 3
   cols: 3
   dt: d
   data: [ -1.2111532218841954e-01, -9.7898009316209045e-01,
       -1.6410074930828411e-01, 9.8927598626142665e-01,
       -1.3263982401038679e-01, 6.1153087354403286e-02,
       -8.1633949663586600e-02, -1.5493435474044676e-01,
       9.8454621221326366e-01 ]
T: !!opencv-matrix
   rows: 3
   cols: 1
   dt: d
   data: [ -5.7696118626514332e+00, -2.9841930230305778e+01,
       -7.1094772067419418e+00 ]
R1: !!opencv-matrix
   rows: 3
   cols: 3
   dt: d
   data: [ 9.0478217970565489e-01, -3.4304272442133404e-01,
       2.5237055396514169e-01, 3.4931896851580957e-01,
       9.3676901308860472e-01, 2.0977949186042483e-02,
       -2.4360924761210259e-01, 6.9177347004564696e-02,
       9.6740324019473667e-01 ]
R2: !!opencv-matrix
   rows: 3
   cols: 3
   dt: d
   data: [ 1.8483481609815772e-01, 9.5601364830767388e-01,
       2.2775863322256595e-01, -9.6282859230354090e-01,
       2.2260285642293601e-01, -1.5300022926496321e-01,
       -1.9697002970183497e-01, -1.9101275497149622e-01,
       9.6162203325290829e-01 ]
P1: !!opencv-matrix
   rows: 3
   cols: 4
   dt: d
   data: [ 3.3944092003330229e+02, 0., 2.2041699218750000e+02, 0., 0.,
       3.3944092003330229e+02, 3.8483916246891022e+02, 0., 0., 0., 1.,
       0. ]
P2: !!opencv-matrix
   rows: 3
   cols: 4
   dt: d
   data: [ 3.3944092003330229e+02, 0., 2.2041699218750000e+02,
       -1.0595635607165108e+04, 0., 3.3944092003330229e+02,
       3.8483916246891022e+02, 0., 0., 0., 1., 0. ]
Q: !!opencv-matrix
   rows: 4
   cols: 4
   dt: d
   data: [ 1., 0., 0., -2.2041699218750000e+02, 0., 1., 0.,
       -3.8483916246891022e+02, 0., 0., 0., 3.3944092003330229e+02, 0.,
       0., 3.2035918619526843e-02, 0. ]
F: !!opencv-matrix
   rows: 3
   cols: 3
   dt: d
   data: [ 3.1713959609821528e-07, 1.2472318335608887e-07,
       -1.5855143129996129e-03, 1.3037942419936354e-08,
       2.0515529164106885e-07, 2.6448673356587729e-04,
       -5.4647219170343448e-04, -1.2658382678833009e-03, 1. ]
