%YAML:1.0
---
M0: !!opencv-matrix
   rows: 3
   cols: 3
   dt: d
   data: [ 1.4056073621926369e+03, 0., 6.0829370386331482e+02, 0.,
       1.3891806922730411e+03, 2.4017269576814476e+02, 0., 0., 1. ]
D0: !!opencv-matrix
   rows: 5
   cols: 1
   dt: d
   data: [ -2.7026902596877217e-01, 3.4078352592586554e+00,
       3.5077447432894419e-03, 3.8239224761986740e-02,
       -3.0389672619372774e+01 ]
M1: !!opencv-matrix
   rows: 3
   cols: 3
   dt: d
   data: [ 1.1227449648362660e+03, 0., 5.9598488891055433e+02, 0.,
       1.1249815150543097e+03, 5.3179707795673733e+02, 0., 0., 1. ]
D1: !!opencv-matrix
   rows: 5
   cols: 1
   dt: d
   data: [ -3.4159721574425167e-01, -3.8370812244694097e+00,
       -1.2314856116971281e-02, -3.2762561629617708e-02,
       2.2592112681174800e+01 ]
