%YAML:1.0
---
m: !!opencv-matrix
   rows: 3
   cols: 3
   dt: d
   data: [ 1.9320060902139317e+03, 0., 4.2825392161915448e+02, 0.,
       1.9287563588759626e+03, 2.5027463925323974e+02, 0., 0., 1. ]
d: !!opencv-matrix
   rows: 1
   cols: 5
   dt: d
   data: [ -2.8559297641069958e-02, -2.0548231068943362e-01, 0., 0., 0. ]
s: [ 800, 600 ]
