%YAML:1.0
---
M0: !!opencv-matrix
   rows: 3
   cols: 3
   dt: d
   data: [ 1.8541871557698148e+03, 0., 4.7283850028158554e+02, 0.,
       1.8467010040655257e+03, 1.7689685600370112e+02, 0., 0., 1. ]
D0: !!opencv-matrix
   rows: 1
   cols: 5
   dt: d
   data: [ -6.9285500546667000e-01, 1.3552752686433060e+01,
       8.3806505921176690e-03, -7.5125104290250412e-03,
       -1.5302761774203429e+02 ]
M1: !!opencv-matrix
   rows: 3
   cols: 3
   dt: d
   data: [ 1.8766402976069257e+03, 0., 3.8675675378710338e+02, 0.,
       1.8734836943145660e+03, 1.4236270465244900e+02, 0., 0., 1. ]
D1: !!opencv-matrix
   rows: 1
   cols: 5
   dt: d
   data: [ -2.0015715521836203e-01, 6.6066005619242469e+00,
       -1.5148091279966164e-02, -7.6803057656123913e-03,
       -8.8609788374158583e+01 ]
