%YAML:1.0
---
R: !!opencv-matrix
   rows: 3
   cols: 3
   dt: d
   data: [ 5.5507704842398398e-01, 6.9388712279278497e-01,
       4.5870484097649150e-01, 9.4606234192410765e-02,
       4.9521734810957296e-01, -8.6360259296927333e-01,
       -8.2640131338523926e-01, 5.2276231592729816e-01,
       2.0923773627498207e-01 ]
T: !!opencv-matrix
   rows: 3
   cols: 1
   dt: d
   data: [ -7.4089232765017726e+01, 8.3104911416586344e+02,
       2.7284472417374286e+02 ]
R1: !!opencv-matrix
   rows: 3
   cols: 3
   dt: d
   data: [ 8.2498795970476502e-01, 5.3977659150650059e-01,
       1.6743983278716382e-01, -2.1414532771933281e-01,
       5.7274915094709089e-01, -7.9126492953078997e-01,
       -5.2300730870433221e-01, 6.1692758193406350e-01,
       5.8810178854586104e-01 ]
R2: !!opencv-matrix
   rows: 3
   cols: 3
   dt: d
   data: [ 9.0928136956135419e-01, 2.0075426257788551e-01,
       -3.6456154079309772e-01, -8.4400949682242349e-02,
       9.4671427750704185e-01, 3.1081917002825832e-01,
       4.0753388897288484e-01, -2.5185274034865923e-01,
       8.7777350524922260e-01 ]
P1: !!opencv-matrix
   rows: 3
   cols: 4
   dt: d
   data: [ -1.8956356340387636e+04, 0., 2.8909882640838623e+02, 0., 0.,
       -1.8956356340387636e+04, 1.5719448089599609e+03, 0., 0., 0., 1.,
       0. ]
P2: !!opencv-matrix
   rows: 3
   cols: 4
   dt: d
   data: [ -1.8956356340387636e+04, 0., 2.8909882640838623e+02, 0., 0.,
       -1.8956356340387636e+04, 1.5719448089599609e+03,
       -1.6640356566688007e+07, 0., 0., 1., 0. ]
Q: !!opencv-matrix
   rows: 4
   cols: 4
   dt: d
   data: [ 1., 0., 0., -2.8909882640838623e+02, 0., 1., 0.,
       -1.5719448089599609e+03, 0., 0., 0., -1.8956356340387636e+04, 0.,
       0., -1.1391796963254972e-03, 0. ]
F: !!opencv-matrix
   rows: 3
   cols: 3
   dt: d
   data: [ -1.4787839210526136e-06, 6.2116126610235194e-07,
       2.8607005897589833e-03, 1.8723094676312958e-07,
       4.7326226677929282e-07, 4.5482520859253502e-04,
       -4.3171906922583950e-03, -3.1526520058240220e-03, 1. ]
