%YAML:1.0
---
R: !!opencv-matrix
   rows: 3
   cols: 3
   dt: d
   data: [ 1.3409135663490954e-02, -9.9976609862952881e-01,
       1.6968886582489254e-02, 9.9929472785711104e-01,
       1.3994240994676105e-02, 3.4845488889744911e-02,
       -3.5074805170385540e-02, 1.6489671011703531e-02,
       9.9924864212676590e-01 ]
T: !!opencv-matrix
   rows: 3
   cols: 1
   dt: d
   data: [ 4.8045417794474021e+00, -6.1122698799112833e+01,
       1.0408817281309677e+01 ]
R1: !!opencv-matrix
   rows: 3
   cols: 3
   dt: d
   data: [ 9.6907136659862420e-02, -9.9351596672342668e-01,
       5.9456124411214756e-02, 9.8700303541149903e-01,
       8.8234070044281993e-02, -1.3431216241244850e-01,
       1.2819522203605696e-01, 7.1699182345657475e-02,
       9.8915378596964898e-01 ]
R2: !!opencv-matrix
   rows: 3
   cols: 3
   dt: d
   data: [ 9.9559192715122591e-01, 8.5007066608141099e-02,
       3.9629701209917892e-02, -7.7257702222892036e-02,
       9.8286152554271666e-01, -1.6737523429433243e-01,
       -5.3178586278193510e-02, 1.6357573241322437e-01,
       9.8509645097672038e-01 ]
P1: !!opencv-matrix
   rows: 3
   cols: 4
   dt: d
   data: [ -1.0699019865068478e+03, 0., 2.3227768135070801e+02, 0., 0.,
       -1.0699019865068478e+03, 5.6854896783828735e+02, 0., 0., 0., 1.,
       0. ]
P2: !!opencv-matrix
   rows: 3
   cols: 4
   dt: d
   data: [ -1.0699019865068478e+03, 0., 2.3227768135070801e+02, 0., 0.,
       -1.0699019865068478e+03, 5.6854896783828735e+02,
       6.6535615818027421e+04, 0., 0., 1., 0. ]
Q: !!opencv-matrix
   rows: 4
   cols: 4
   dt: d
   data: [ 1., 0., 0., -2.3227768135070801e+02, 0., 1., 0.,
       -5.6854896783828735e+02, 0., 0., 0., -1.0699019865068478e+03, 0.,
       0., 1.6080139536590331e-02, 0. ]
F: !!opencv-matrix
   rows: 3
   cols: 3
   dt: d
   data: [ -2.1788417697681803e-07, -3.0400026747799083e-08,
       -1.5034454217332399e-03, 8.1812233180776673e-09,
       -2.7809658943720325e-07, -4.0818919515822114e-05,
       2.4157574750287761e-04, -1.8808421586295639e-03,
       9.9999999999999989e-01 ]
