%YAML:1.0
---
M0: !!opencv-matrix
   rows: 3
   cols: 3
   dt: d
   data: [ 9.9134390479524416e+02, 0., 4.3336294738047394e+02, 0.,
       9.9256891507579201e+02, 3.0370664643110842e+02, 0., 0., 1. ]
D0: !!opencv-matrix
   rows: 5
   cols: 1
   dt: d
   data: [ -2.4585250360837768e-01, 2.9397106877686854e+00,
       2.4524287825644496e-02, 1.0255127778311430e-02,
       -1.4232367616620595e+01 ]
M1: !!opencv-matrix
   rows: 3
   cols: 3
   dt: d
   data: [ 1.2406932355812380e+03, 0., 2.7860595548653015e+02, 0.,
       1.2328135254043889e+03, 3.8300469257589822e+02, 0., 0., 1. ]
D1: !!opencv-matrix
   rows: 5
   cols: 1
   dt: d
   data: [ 3.2080883427843251e-02, -1.0579638040956745e+00,
       3.4799170525219303e-03, -3.3456448956995503e-02,
       5.8713332828199407e+00 ]
