%YAML:1.0
---
m: !!opencv-matrix
   rows: 3
   cols: 3
   dt: d
   data: [ 1.8760452942671100e+03, 0., 4.9880804229954896e+02, 0.,
       1.8684708918486172e+03, 7.2004615730614717e+01, 0., 0., 1. ]
d: !!opencv-matrix
   rows: 1
   cols: 5
   dt: d
   data: [ -3.6872955973710614e-01, 6.6057101895109160e-01, 0., 0., 0. ]
s: [ 768, 576 ]
