%YAML:1.0
---
m: !!opencv-matrix
   rows: 3
   cols: 3
   dt: d
   data: [ 1.1714067059284905e+03, 0., 640., 0., 1.1586070801766843e+03,
       512., 0., 0., 1. ]
d: !!opencv-matrix
   rows: 1
   cols: 5
   dt: d
   data: [ -3.0066032538242948e-01, -9.6679872826207336e-01, 0., 0., 0. ]
s: [ 1280, 1024 ]
